    40.000000        40.000000
    40.000000        40.000000
    40.000000        40.000000
    40.000000        40.000000
    40.000000        40.000000
    40.000000        40.000000
    0.0000000        0.0000000
    0.0000000        0.0000000
    0.0000000        0.0000000
    0.0000000        0.0000000
    0.0000000        0.0000000
    0.0000000        0.0000000
    0.0000000        0.0000000
    0.0000000        0.0000000
    0.0000000        0.0000000
    0.0000000        0.0000000
    0.0000000        0.0000000
    0.0000000        0.0000000
    0.0000000        0.0000000
    0.0000000        0.0000000
    0.0000000        0.0000000
    0.0000000        0.0000000
    0.0000000        0.0000000
    0.0000000        0.0000000
    0.0000000        0.0000000
    0.0000000        0.0000000
    0.0000000        0.0000000
    0.0000000        0.0000000
    0.0000000        0.0000000
    0.0000000        0.0000000
    0.0000000        0.0000000
    0.0000000        0.0000000
    0.0000000        0.0000000
    0.0000000        0.0000000
    0.0000000        0.0000000
    0.0000000        0.0000000
    263.58638        263.58638
    223.03463        223.03463
    182.48288        182.48288
    141.93113        141.93113
    101.37938        101.37938
    60.827625        60.827625
    0.0000000        0.0000000
    0.0000000        0.0000000
    0.0000000        0.0000000
    0.0000000        0.0000000
    60.827625        60.827625
    60.827625        60.827625
    0.0000000        0.0000000
    0.0000000        0.0000000
    0.0000000        0.0000000
    0.0000000        0.0000000
    0.0000000        0.0000000
    0.0000000        0.0000000
    0.0000000        0.0000000
    0.0000000        0.0000000
    0.0000000        0.0000000
    0.0000000        0.0000000
    0.0000000        0.0000000
    0.0000000        0.0000000
    0.0000000        0.0000000
    0.0000000        0.0000000
    0.0000000        0.0000000
    0.0000000        0.0000000
    0.0000000        0.0000000
    0.0000000        0.0000000
    0.0000000        0.0000000
    0.0000000        0.0000000
    0.0000000        0.0000000
    0.0000000        0.0000000
    0.0000000        0.0000000
    0.0000000        0.0000000
    274.06406        274.06406
    231.90036        231.90036
    189.73666        189.73666
    0.0000000        0.0000000
    0.0000000        0.0000000
    0.0000000        0.0000000
    0.0000000        0.0000000
    189.73666        189.73666
    189.73666        189.73666
    147.57296        147.57296
    105.40926        105.40926
    63.245553        63.245553
    0.0000000        0.0000000
    0.0000000        0.0000000
    0.0000000        0.0000000
    0.0000000        0.0000000
    63.245553        63.245553
    63.245553        63.245553
    0.0000000        0.0000000
    0.0000000        0.0000000
    0.0000000        0.0000000
    0.0000000        0.0000000
    0.0000000        0.0000000
    0.0000000        0.0000000
    0.0000000        0.0000000
    0.0000000        0.0000000
    0.0000000        0.0000000
    0.0000000        0.0000000
    0.0000000        0.0000000
    0.0000000        0.0000000
    0.0000000        0.0000000
    0.0000000        0.0000000
    0.0000000        0.0000000
    0.0000000        0.0000000
    0.0000000        0.0000000
    0.0000000        0.0000000
    290.68884        290.68884
    245.96748        245.96748
    0.0000000        0.0000000
    0.0000000        0.0000000
    0.0000000        0.0000000
    0.0000000        0.0000000
    245.96748        245.96748
    245.96748        245.96748
    201.24612        201.24612
    156.52476        156.52476
    0.0000000        0.0000000
    0.0000000        0.0000000
    0.0000000        0.0000000
    0.0000000        0.0000000
    156.52476        156.52476
    156.52476        156.52476
    111.80340        111.80340
    67.082039        67.082039
    0.0000000        0.0000000
    0.0000000        0.0000000
    0.0000000        0.0000000
    0.0000000        0.0000000
    67.082039        67.082039
    67.082039        67.082039
    0.0000000        0.0000000
    0.0000000        0.0000000
    0.0000000        0.0000000
    0.0000000        0.0000000
    0.0000000        0.0000000
    0.0000000        0.0000000
    0.0000000        0.0000000
    0.0000000        0.0000000
    0.0000000        0.0000000
    0.0000000        0.0000000
    0.0000000        0.0000000
    0.0000000        0.0000000
    312.48111        312.48111
    0.0000000        0.0000000
    0.0000000        0.0000000
    0.0000000        0.0000000
    0.0000000        0.0000000
    0.0000000        0.0000000
    288.44410        288.44410
    264.40709        264.40709
    216.33308        216.33308
    0.0000000        0.0000000
    0.0000000        0.0000000
    0.0000000        0.0000000
    0.0000000        0.0000000
    216.33308        216.33308
    216.33308        216.33308
    168.25906        168.25906
    0.0000000        0.0000000
    0.0000000        0.0000000
    0.0000000        0.0000000
    0.0000000        0.0000000
    0.0000000        0.0000000
    144.22205        144.22205
    120.18504        120.18504
    72.111026        72.111026
    0.0000000        0.0000000
    0.0000000        0.0000000
    0.0000000        0.0000000
    0.0000000        0.0000000
    72.111026        72.111026
    72.111026        72.111026
    0.0000000        0.0000000
    0.0000000        0.0000000
    0.0000000        0.0000000
    0.0000000        0.0000000
    0.0000000        0.0000000
    0.0000000        0.0000000
    338.44415        338.44415
    0.0000000        0.0000000
    0.0000000        0.0000000
    0.0000000        0.0000000
    0.0000000        0.0000000
    0.0000000        0.0000000
    328.03049        328.03049
    286.37582        286.37582
    0.0000000        0.0000000
    0.0000000        0.0000000
    0.0000000        0.0000000
    0.0000000        0.0000000
    0.0000000        0.0000000
    265.54849        265.54849
    234.30749        234.30749
    0.0000000        0.0000000
    0.0000000        0.0000000
    0.0000000        0.0000000
    0.0000000        0.0000000
    0.0000000        0.0000000
    203.06649        203.06649
    182.23916        182.23916
    0.0000000        0.0000000
    0.0000000        0.0000000
    0.0000000        0.0000000
    0.0000000        0.0000000
    0.0000000        0.0000000
    140.58449        140.58449
    130.17083        130.17083
    78.102497        78.102497
    0.0000000        0.0000000
    0.0000000        0.0000000
    0.0000000        0.0000000
    0.0000000        0.0000000
    78.102497        78.102497
    78.102497        78.102497
    367.69553        367.69553
    0.0000000        0.0000000
    0.0000000        0.0000000
    0.0000000        0.0000000
    0.0000000        0.0000000
    0.0000000        0.0000000
    56.568542        56.568542
    311.12698        311.12698
    0.0000000        0.0000000
    0.0000000        0.0000000
    0.0000000        0.0000000
    0.0000000        0.0000000
    311.12698        311.12698
    56.568542        56.568542
    254.55844        254.55844
    0.0000000        0.0000000
    0.0000000        0.0000000
    0.0000000        0.0000000
    0.0000000        0.0000000
    254.55844        254.55844
    56.568542        56.568542
    197.98990        197.98990
    0.0000000        0.0000000
    0.0000000        0.0000000
    0.0000000        0.0000000
    0.0000000        0.0000000
    197.98990        197.98990
    56.568542        56.568542
    141.42136        141.42136
    0.0000000        0.0000000
    0.0000000        0.0000000
    0.0000000        0.0000000
    0.0000000        0.0000000
    141.42136        141.42136
    56.568542        56.568542
    84.852814        84.852814
    263.58638        263.58638
    223.03463        223.03463
    182.48288        182.48288
    141.93113        141.93113
    101.37938        101.37938
    60.827625        60.827625
    0.0000000        0.0000000
    0.0000000        0.0000000
    0.0000000        0.0000000
    0.0000000        0.0000000
    0.0000000        0.0000000
    0.0000000        0.0000000
    0.0000000        0.0000000
    0.0000000        0.0000000
    0.0000000        0.0000000
    0.0000000        0.0000000
    0.0000000        0.0000000
    0.0000000        0.0000000
    0.0000000        0.0000000
    0.0000000        0.0000000
    0.0000000        0.0000000
    0.0000000        0.0000000
    0.0000000        0.0000000
    0.0000000        0.0000000
    0.0000000        0.0000000
    0.0000000        0.0000000
    0.0000000        0.0000000
    0.0000000        0.0000000
    0.0000000        0.0000000
    0.0000000        0.0000000
    0.0000000        0.0000000
    0.0000000        0.0000000
    0.0000000        0.0000000
    0.0000000        0.0000000
    0.0000000        0.0000000
    0.0000000        0.0000000
    40.000000        40.000000
    40.000000        40.000000
    40.000000        40.000000
    40.000000        40.000000
    40.000000        40.000000
    40.000000        40.000000
    40.000000        40.000000
    40.000000        40.000000
    40.000000        40.000000
    40.000000        40.000000
    40.000000        40.000000
    40.000000        40.000000
    0.0000000        0.0000000
    0.0000000        0.0000000
    0.0000000        0.0000000
    0.0000000        0.0000000
    0.0000000        0.0000000
    0.0000000        0.0000000
    0.0000000        0.0000000
    0.0000000        0.0000000
    0.0000000        0.0000000
    0.0000000        0.0000000
    0.0000000        0.0000000
    0.0000000        0.0000000
    0.0000000        0.0000000
    0.0000000        0.0000000
    0.0000000        0.0000000
    0.0000000        0.0000000
    0.0000000        0.0000000
    0.0000000        0.0000000
    0.0000000        0.0000000
    0.0000000        0.0000000
    0.0000000        0.0000000
    0.0000000        0.0000000
    0.0000000        0.0000000
    0.0000000        0.0000000
    0.0000000        0.0000000
    0.0000000        0.0000000
    0.0000000        0.0000000
    0.0000000        0.0000000
    0.0000000        0.0000000
    0.0000000        0.0000000
    263.58638        263.58638
    223.03463        223.03463
    182.48288        182.48288
    141.93113        141.93113
    101.37938        101.37938
    60.827625        60.827625
    0.0000000        0.0000000
    0.0000000        0.0000000
    0.0000000        0.0000000
    0.0000000        0.0000000
    60.827625        60.827625
    60.827625        60.827625
    0.0000000        0.0000000
    0.0000000        0.0000000
    0.0000000        0.0000000
    0.0000000        0.0000000
    0.0000000        0.0000000
    0.0000000        0.0000000
    0.0000000        0.0000000
    0.0000000        0.0000000
    0.0000000        0.0000000
    0.0000000        0.0000000
    0.0000000        0.0000000
    0.0000000        0.0000000
    0.0000000        0.0000000
    0.0000000        0.0000000
    0.0000000        0.0000000
    0.0000000        0.0000000
    0.0000000        0.0000000
    0.0000000        0.0000000
    0.0000000        0.0000000
    0.0000000        0.0000000
    0.0000000        0.0000000
    0.0000000        0.0000000
    0.0000000        0.0000000
    0.0000000        0.0000000
    274.06406        274.06406
    231.90036        231.90036
    189.73666        189.73666
    0.0000000        0.0000000
    0.0000000        0.0000000
    0.0000000        0.0000000
    0.0000000        0.0000000
    189.73666        189.73666
    189.73666        189.73666
    147.57296        147.57296
    105.40926        105.40926
    63.245553        63.245553
    0.0000000        0.0000000
    0.0000000        0.0000000
    0.0000000        0.0000000
    0.0000000        0.0000000
    63.245553        63.245553
    63.245553        63.245553
    0.0000000        0.0000000
    0.0000000        0.0000000
    0.0000000        0.0000000
    0.0000000        0.0000000
    0.0000000        0.0000000
    0.0000000        0.0000000
    0.0000000        0.0000000
    0.0000000        0.0000000
    0.0000000        0.0000000
    0.0000000        0.0000000
    0.0000000        0.0000000
    0.0000000        0.0000000
    0.0000000        0.0000000
    0.0000000        0.0000000
    0.0000000        0.0000000
    0.0000000        0.0000000
    0.0000000        0.0000000
    0.0000000        0.0000000
    290.68884        290.68884
    245.96748        245.96748
    0.0000000        0.0000000
    0.0000000        0.0000000
    0.0000000        0.0000000
    0.0000000        0.0000000
    245.96748        245.96748
    245.96748        245.96748
    201.24612        201.24612
    156.52476        156.52476
    0.0000000        0.0000000
    0.0000000        0.0000000
    0.0000000        0.0000000
    0.0000000        0.0000000
    156.52476        156.52476
    156.52476        156.52476
    111.80340        111.80340
    67.082039        67.082039
    0.0000000        0.0000000
    0.0000000        0.0000000
    0.0000000        0.0000000
    0.0000000        0.0000000
    67.082039        67.082039
    67.082039        67.082039
    0.0000000        0.0000000
    0.0000000        0.0000000
    0.0000000        0.0000000
    0.0000000        0.0000000
    0.0000000        0.0000000
    0.0000000        0.0000000
    0.0000000        0.0000000
    0.0000000        0.0000000
    0.0000000        0.0000000
    0.0000000        0.0000000
    0.0000000        0.0000000
    0.0000000        0.0000000
    312.48111        312.48111
    0.0000000        0.0000000
    0.0000000        0.0000000
    0.0000000        0.0000000
    0.0000000        0.0000000
    0.0000000        0.0000000
    288.44410        288.44410
    264.40709        264.40709
    216.33308        216.33308
    0.0000000        0.0000000
    0.0000000        0.0000000
    0.0000000        0.0000000
    0.0000000        0.0000000
    216.33308        216.33308
    216.33308        216.33308
    168.25906        168.25906
    0.0000000        0.0000000
    0.0000000        0.0000000
    0.0000000        0.0000000
    0.0000000        0.0000000
    0.0000000        0.0000000
    144.22205        144.22205
    120.18504        120.18504
    72.111026        72.111026
    0.0000000        0.0000000
    0.0000000        0.0000000
    0.0000000        0.0000000
    0.0000000        0.0000000
    72.111026        72.111026
    72.111026        72.111026
    0.0000000        0.0000000
    0.0000000        0.0000000
    0.0000000        0.0000000
    0.0000000        0.0000000
    0.0000000        0.0000000
    0.0000000        0.0000000
    338.44415        338.44415
    0.0000000        0.0000000
    0.0000000        0.0000000
    0.0000000        0.0000000
    0.0000000        0.0000000
    0.0000000        0.0000000
    328.03049        328.03049
    286.37582        286.37582
    0.0000000        0.0000000
    0.0000000        0.0000000
    0.0000000        0.0000000
    0.0000000        0.0000000
    0.0000000        0.0000000
    265.54849        265.54849
    234.30749        234.30749
    0.0000000        0.0000000
    0.0000000        0.0000000
    0.0000000        0.0000000
    0.0000000        0.0000000
    0.0000000        0.0000000
    203.06649        203.06649
    182.23916        182.23916
    0.0000000        0.0000000
    0.0000000        0.0000000
    0.0000000        0.0000000
    0.0000000        0.0000000
    0.0000000        0.0000000
    140.58449        140.58449
    130.17083        130.17083
    78.102497        78.102497
    0.0000000        0.0000000
    189.73666        189.73666
    189.73666        189.73666
    147.57296        147.57296
    105.40926        105.40926
    63.245553        63.245553
    274.06406        274.06406
    231.90036        231.90036
    189.73666        189.73666
    0.0000000        0.0000000
    0.0000000        0.0000000
    0.0000000        0.0000000
    0.0000000        0.0000000
    0.0000000        0.0000000
    0.0000000        0.0000000
    0.0000000        0.0000000
    0.0000000        0.0000000
    0.0000000        0.0000000
    0.0000000        0.0000000
    0.0000000        0.0000000
    0.0000000        0.0000000
    0.0000000        0.0000000
    0.0000000        0.0000000
    0.0000000        0.0000000
    0.0000000        0.0000000
    0.0000000        0.0000000
    0.0000000        0.0000000
    0.0000000        0.0000000
    0.0000000        0.0000000
    0.0000000        0.0000000
    0.0000000        0.0000000
    0.0000000        0.0000000
    0.0000000        0.0000000
    0.0000000        0.0000000
    0.0000000        0.0000000
    0.0000000        0.0000000
    0.0000000        0.0000000
    0.0000000        0.0000000
    0.0000000        0.0000000
    0.0000000        0.0000000
    60.827625        60.827625
    60.827625        60.827625
    263.58638        263.58638
    223.03463        223.03463
    182.48288        182.48288
    141.93113        141.93113
    101.37938        101.37938
    60.827625        60.827625
    0.0000000        0.0000000
    0.0000000        0.0000000
    0.0000000        0.0000000
    0.0000000        0.0000000
    0.0000000        0.0000000
    0.0000000        0.0000000
    0.0000000        0.0000000
    0.0000000        0.0000000
    0.0000000        0.0000000
    0.0000000        0.0000000
    0.0000000        0.0000000
    0.0000000        0.0000000
    0.0000000        0.0000000
    0.0000000        0.0000000
    0.0000000        0.0000000
    0.0000000        0.0000000
    0.0000000        0.0000000
    0.0000000        0.0000000
    0.0000000        0.0000000
    0.0000000        0.0000000
    0.0000000        0.0000000
    0.0000000        0.0000000
    0.0000000        0.0000000
    0.0000000        0.0000000
    0.0000000        0.0000000
    0.0000000        0.0000000
    0.0000000        0.0000000
    0.0000000        0.0000000
    0.0000000        0.0000000
    0.0000000        0.0000000
    40.000000        40.000000
    40.000000        40.000000
    40.000000        40.000000
    40.000000        40.000000
    40.000000        40.000000
    40.000000        40.000000
    40.000000        40.000000
    40.000000        40.000000
    40.000000        40.000000
    40.000000        40.000000
    40.000000        40.000000
    40.000000        40.000000
    0.0000000        0.0000000
    0.0000000        0.0000000
    0.0000000        0.0000000
    0.0000000        0.0000000
    0.0000000        0.0000000
    0.0000000        0.0000000
    0.0000000        0.0000000
    0.0000000        0.0000000
    0.0000000        0.0000000
    0.0000000        0.0000000
    0.0000000        0.0000000
    0.0000000        0.0000000
    0.0000000        0.0000000
    0.0000000        0.0000000
    0.0000000        0.0000000
    0.0000000        0.0000000
    0.0000000        0.0000000
    0.0000000        0.0000000
    0.0000000        0.0000000
    0.0000000        0.0000000
    0.0000000        0.0000000
    0.0000000        0.0000000
    0.0000000        0.0000000
    0.0000000        0.0000000
    0.0000000        0.0000000
    0.0000000        0.0000000
    0.0000000        0.0000000
    0.0000000        0.0000000
    0.0000000        0.0000000
    0.0000000        0.0000000
    263.58638        263.58638
    223.03463        223.03463
    182.48288        182.48288
    141.93113        141.93113
    101.37938        101.37938
    60.827625        60.827625
    0.0000000        0.0000000
    0.0000000        0.0000000
    0.0000000        0.0000000
    0.0000000        0.0000000
    60.827625        60.827625
    60.827625        60.827625
    0.0000000        0.0000000
    0.0000000        0.0000000
    0.0000000        0.0000000
    0.0000000        0.0000000
    0.0000000        0.0000000
    0.0000000        0.0000000
    0.0000000        0.0000000
    0.0000000        0.0000000
    0.0000000        0.0000000
    0.0000000        0.0000000
    0.0000000        0.0000000
    0.0000000        0.0000000
    0.0000000        0.0000000
    0.0000000        0.0000000
    0.0000000        0.0000000
    0.0000000        0.0000000
    0.0000000        0.0000000
    0.0000000        0.0000000
    0.0000000        0.0000000
    0.0000000        0.0000000
    0.0000000        0.0000000
    0.0000000        0.0000000
    0.0000000        0.0000000
    0.0000000        0.0000000
    274.06406        274.06406
    231.90036        231.90036
    189.73666        189.73666
    0.0000000        0.0000000
    0.0000000        0.0000000
    0.0000000        0.0000000
    0.0000000        0.0000000
    189.73666        189.73666
    189.73666        189.73666
    147.57296        147.57296
    105.40926        105.40926
    63.245553        63.245553
    0.0000000        0.0000000
    0.0000000        0.0000000
    0.0000000        0.0000000
    0.0000000        0.0000000
    63.245553        63.245553
    63.245553        63.245553
    0.0000000        0.0000000
    0.0000000        0.0000000
    0.0000000        0.0000000
    0.0000000        0.0000000
    0.0000000        0.0000000
    0.0000000        0.0000000
    0.0000000        0.0000000
    0.0000000        0.0000000
    0.0000000        0.0000000
    0.0000000        0.0000000
    0.0000000        0.0000000
    0.0000000        0.0000000
    0.0000000        0.0000000
    0.0000000        0.0000000
    0.0000000        0.0000000
    0.0000000        0.0000000
    0.0000000        0.0000000
    0.0000000        0.0000000
    290.68884        290.68884
    245.96748        245.96748
    0.0000000        0.0000000
    0.0000000        0.0000000
    0.0000000        0.0000000
    0.0000000        0.0000000
    245.96748        245.96748
    245.96748        245.96748
    201.24612        201.24612
    156.52476        156.52476
    0.0000000        0.0000000
    0.0000000        0.0000000
    0.0000000        0.0000000
    0.0000000        0.0000000
    156.52476        156.52476
    156.52476        156.52476
    111.80340        111.80340
    67.082039        67.082039
    0.0000000        0.0000000
    0.0000000        0.0000000
    0.0000000        0.0000000
    0.0000000        0.0000000
    67.082039        67.082039
    67.082039        67.082039
    0.0000000        0.0000000
    0.0000000        0.0000000
    0.0000000        0.0000000
    0.0000000        0.0000000
    0.0000000        0.0000000
    0.0000000        0.0000000
    0.0000000        0.0000000
    0.0000000        0.0000000
    0.0000000        0.0000000
    0.0000000        0.0000000
    0.0000000        0.0000000
    0.0000000        0.0000000
    312.48111        312.48111
    0.0000000        0.0000000
    0.0000000        0.0000000
    0.0000000        0.0000000
    0.0000000        0.0000000
    0.0000000        0.0000000
    288.44410        288.44410
    264.40709        264.40709
    216.33308        216.33308
    0.0000000        0.0000000
    0.0000000        0.0000000
    0.0000000        0.0000000
    0.0000000        0.0000000
    216.33308        216.33308
    216.33308        216.33308
    168.25906        168.25906
    0.0000000        0.0000000
    0.0000000        0.0000000
    0.0000000        0.0000000
    0.0000000        0.0000000
    0.0000000        0.0000000
    144.22205        144.22205
    120.18504        120.18504
    72.111026        72.111026
    0.0000000        0.0000000
    0.0000000        0.0000000
    156.52476        156.52476
    156.52476        156.52476
    111.80340        111.80340
    67.082039        67.082039
    245.96748        245.96748
    245.96748        245.96748
    201.24612        201.24612
    156.52476        156.52476
    0.0000000        0.0000000
    0.0000000        0.0000000
    290.68884        290.68884
    245.96748        245.96748
    0.0000000        0.0000000
    0.0000000        0.0000000
    0.0000000        0.0000000
    0.0000000        0.0000000
    0.0000000        0.0000000
    0.0000000        0.0000000
    0.0000000        0.0000000
    0.0000000        0.0000000
    0.0000000        0.0000000
    0.0000000        0.0000000
    0.0000000        0.0000000
    0.0000000        0.0000000
    0.0000000        0.0000000
    0.0000000        0.0000000
    0.0000000        0.0000000
    0.0000000        0.0000000
    0.0000000        0.0000000
    0.0000000        0.0000000
    0.0000000        0.0000000
    0.0000000        0.0000000
    0.0000000        0.0000000
    0.0000000        0.0000000
    0.0000000        0.0000000
    0.0000000        0.0000000
    0.0000000        0.0000000
    0.0000000        0.0000000
    63.245553        63.245553
    63.245553        63.245553
    0.0000000        0.0000000
    189.73666        189.73666
    189.73666        189.73666
    147.57296        147.57296
    105.40926        105.40926
    63.245553        63.245553
    274.06406        274.06406
    231.90036        231.90036
    189.73666        189.73666
    0.0000000        0.0000000
    0.0000000        0.0000000
    0.0000000        0.0000000
    0.0000000        0.0000000
    0.0000000        0.0000000
    0.0000000        0.0000000
    0.0000000        0.0000000
    0.0000000        0.0000000
    0.0000000        0.0000000
    0.0000000        0.0000000
    0.0000000        0.0000000
    0.0000000        0.0000000
    0.0000000        0.0000000
    0.0000000        0.0000000
    0.0000000        0.0000000
    0.0000000        0.0000000
    0.0000000        0.0000000
    0.0000000        0.0000000
    0.0000000        0.0000000
    0.0000000        0.0000000
    0.0000000        0.0000000
    0.0000000        0.0000000
    0.0000000        0.0000000
    0.0000000        0.0000000
    0.0000000        0.0000000
    0.0000000        0.0000000
    0.0000000        0.0000000
    0.0000000        0.0000000
    0.0000000        0.0000000
    0.0000000        0.0000000
    0.0000000        0.0000000
    60.827625        60.827625
    60.827625        60.827625
    263.58638        263.58638
    223.03463        223.03463
    182.48288        182.48288
    141.93113        141.93113
    101.37938        101.37938
    60.827625        60.827625
    0.0000000        0.0000000
    0.0000000        0.0000000
    0.0000000        0.0000000
    0.0000000        0.0000000
    0.0000000        0.0000000
    0.0000000        0.0000000
    0.0000000        0.0000000
    0.0000000        0.0000000
    0.0000000        0.0000000
    0.0000000        0.0000000
    0.0000000        0.0000000
    0.0000000        0.0000000
    0.0000000        0.0000000
    0.0000000        0.0000000
    0.0000000        0.0000000
    0.0000000        0.0000000
    0.0000000        0.0000000
    0.0000000        0.0000000
    0.0000000        0.0000000
    0.0000000        0.0000000
    0.0000000        0.0000000
    0.0000000        0.0000000
    0.0000000        0.0000000
    0.0000000        0.0000000
    0.0000000        0.0000000
    0.0000000        0.0000000
    0.0000000        0.0000000
    0.0000000        0.0000000
    0.0000000        0.0000000
    0.0000000        0.0000000
    40.000000        40.000000
    40.000000        40.000000
    40.000000        40.000000
    40.000000        40.000000
    40.000000        40.000000
    40.000000        40.000000
    40.000000        40.000000
    40.000000        40.000000
    40.000000        40.000000
    40.000000        40.000000
    40.000000        40.000000
    40.000000        40.000000
    0.0000000        0.0000000
    0.0000000        0.0000000
    0.0000000        0.0000000
    0.0000000        0.0000000
    0.0000000        0.0000000
    0.0000000        0.0000000
    0.0000000        0.0000000
    0.0000000        0.0000000
    0.0000000        0.0000000
    0.0000000        0.0000000
    0.0000000        0.0000000
    0.0000000        0.0000000
    0.0000000        0.0000000
    0.0000000        0.0000000
    0.0000000        0.0000000
    0.0000000        0.0000000
    0.0000000        0.0000000
    0.0000000        0.0000000
    0.0000000        0.0000000
    0.0000000        0.0000000
    0.0000000        0.0000000
    0.0000000        0.0000000
    0.0000000        0.0000000
    0.0000000        0.0000000
    0.0000000        0.0000000
    0.0000000        0.0000000
    0.0000000        0.0000000
    0.0000000        0.0000000
    0.0000000        0.0000000
    0.0000000        0.0000000
    263.58638        263.58638
    223.03463        223.03463
    182.48288        182.48288
    141.93113        141.93113
    101.37938        101.37938
    60.827625        60.827625
    0.0000000        0.0000000
    0.0000000        0.0000000
    0.0000000        0.0000000
    0.0000000        0.0000000
    60.827625        60.827625
    60.827625        60.827625
    0.0000000        0.0000000
    0.0000000        0.0000000
    0.0000000        0.0000000
    0.0000000        0.0000000
    0.0000000        0.0000000
    0.0000000        0.0000000
    0.0000000        0.0000000
    0.0000000        0.0000000
    0.0000000        0.0000000
    0.0000000        0.0000000
    0.0000000        0.0000000
    0.0000000        0.0000000
    0.0000000        0.0000000
    0.0000000        0.0000000
    0.0000000        0.0000000
    0.0000000        0.0000000
    0.0000000        0.0000000
    0.0000000        0.0000000
    0.0000000        0.0000000
    0.0000000        0.0000000
    0.0000000        0.0000000
    0.0000000        0.0000000
    0.0000000        0.0000000
    0.0000000        0.0000000
    274.06406        274.06406
    231.90036        231.90036
    189.73666        189.73666
    0.0000000        0.0000000
    0.0000000        0.0000000
    0.0000000        0.0000000
    0.0000000        0.0000000
    189.73666        189.73666
    189.73666        189.73666
    147.57296        147.57296
    105.40926        105.40926
    63.245553        63.245553
    0.0000000        0.0000000
    0.0000000        0.0000000
    0.0000000        0.0000000
    0.0000000        0.0000000
    63.245553        63.245553
    63.245553        63.245553
    0.0000000        0.0000000
    0.0000000        0.0000000
    0.0000000        0.0000000
    0.0000000        0.0000000
    0.0000000        0.0000000
    0.0000000        0.0000000
    0.0000000        0.0000000
    0.0000000        0.0000000
    0.0000000        0.0000000
    0.0000000        0.0000000
    0.0000000        0.0000000
    0.0000000        0.0000000
    0.0000000        0.0000000
    0.0000000        0.0000000
    0.0000000        0.0000000
    0.0000000        0.0000000
    0.0000000        0.0000000
    0.0000000        0.0000000
    290.68884        290.68884
    245.96748        245.96748
    0.0000000        0.0000000
    0.0000000        0.0000000
    0.0000000        0.0000000
    0.0000000        0.0000000
    245.96748        245.96748
    245.96748        245.96748
    201.24612        201.24612
    156.52476        156.52476
    0.0000000        0.0000000
    0.0000000        0.0000000
    0.0000000        0.0000000
    0.0000000        0.0000000
    156.52476        156.52476
    156.52476        156.52476
    111.80340        111.80340
    67.082039        67.082039
    0.0000000        0.0000000
    0.0000000        0.0000000
    0.0000000        0.0000000
    144.22205        144.22205
    120.18504        120.18504
    72.111026        72.111026
    0.0000000        0.0000000
    216.33308        216.33308
    216.33308        216.33308
    168.25906        168.25906
    0.0000000        0.0000000
    0.0000000        0.0000000
    288.44410        288.44410
    264.40709        264.40709
    216.33308        216.33308
    0.0000000        0.0000000
    0.0000000        0.0000000
    0.0000000        0.0000000
    312.48111        312.48111
    0.0000000        0.0000000
    0.0000000        0.0000000
    0.0000000        0.0000000
    0.0000000        0.0000000
    0.0000000        0.0000000
    0.0000000        0.0000000
    0.0000000        0.0000000
    0.0000000        0.0000000
    0.0000000        0.0000000
    0.0000000        0.0000000
    0.0000000        0.0000000
    0.0000000        0.0000000
    0.0000000        0.0000000
    0.0000000        0.0000000
    0.0000000        0.0000000
    0.0000000        0.0000000
    0.0000000        0.0000000
    0.0000000        0.0000000
    0.0000000        0.0000000
    0.0000000        0.0000000
    0.0000000        0.0000000
    67.082039        67.082039
    67.082039        67.082039
    0.0000000        0.0000000
    0.0000000        0.0000000
    156.52476        156.52476
    156.52476        156.52476
    111.80340        111.80340
    67.082039        67.082039
    245.96748        245.96748
    245.96748        245.96748
    201.24612        201.24612
    156.52476        156.52476
    0.0000000        0.0000000
    0.0000000        0.0000000
    290.68884        290.68884
    245.96748        245.96748
    0.0000000        0.0000000
    0.0000000        0.0000000
    0.0000000        0.0000000
    0.0000000        0.0000000
    0.0000000        0.0000000
    0.0000000        0.0000000
    0.0000000        0.0000000
    0.0000000        0.0000000
    0.0000000        0.0000000
    0.0000000        0.0000000
    0.0000000        0.0000000
    0.0000000        0.0000000
    0.0000000        0.0000000
    0.0000000        0.0000000
    0.0000000        0.0000000
    0.0000000        0.0000000
    0.0000000        0.0000000
    0.0000000        0.0000000
    0.0000000        0.0000000
    0.0000000        0.0000000
    0.0000000        0.0000000
    0.0000000        0.0000000
    0.0000000        0.0000000
    0.0000000        0.0000000
    0.0000000        0.0000000
    0.0000000        0.0000000
    63.245553        63.245553
    63.245553        63.245553
    0.0000000        0.0000000
    189.73666        189.73666
    189.73666        189.73666
    147.57296        147.57296
    105.40926        105.40926
    63.245553        63.245553
    274.06406        274.06406
    231.90036        231.90036
    189.73666        189.73666
    0.0000000        0.0000000
    0.0000000        0.0000000
    0.0000000        0.0000000
    0.0000000        0.0000000
    0.0000000        0.0000000
    0.0000000        0.0000000
    0.0000000        0.0000000
    0.0000000        0.0000000
    0.0000000        0.0000000
    0.0000000        0.0000000
    0.0000000        0.0000000
    0.0000000        0.0000000
    0.0000000        0.0000000
    0.0000000        0.0000000
    0.0000000        0.0000000
    0.0000000        0.0000000
    0.0000000        0.0000000
    0.0000000        0.0000000
    0.0000000        0.0000000
    0.0000000        0.0000000
    0.0000000        0.0000000
    0.0000000        0.0000000
    0.0000000        0.0000000
    0.0000000        0.0000000
    0.0000000        0.0000000
    0.0000000        0.0000000
    0.0000000        0.0000000
    0.0000000        0.0000000
    0.0000000        0.0000000
    0.0000000        0.0000000
    0.0000000        0.0000000
    60.827625        60.827625
    60.827625        60.827625
    263.58638        263.58638
    223.03463        223.03463
    182.48288        182.48288
    141.93113        141.93113
    101.37938        101.37938
    60.827625        60.827625
    0.0000000        0.0000000
    0.0000000        0.0000000
    0.0000000        0.0000000
    0.0000000        0.0000000
    0.0000000        0.0000000
    0.0000000        0.0000000
    0.0000000        0.0000000
    0.0000000        0.0000000
    0.0000000        0.0000000
    0.0000000        0.0000000
    0.0000000        0.0000000
    0.0000000        0.0000000
    0.0000000        0.0000000
    0.0000000        0.0000000
    0.0000000        0.0000000
    0.0000000        0.0000000
    0.0000000        0.0000000
    0.0000000        0.0000000
    0.0000000        0.0000000
    0.0000000        0.0000000
    0.0000000        0.0000000
    0.0000000        0.0000000
    0.0000000        0.0000000
    0.0000000        0.0000000
    0.0000000        0.0000000
    0.0000000        0.0000000
    0.0000000        0.0000000
    0.0000000        0.0000000
    0.0000000        0.0000000
    0.0000000        0.0000000
    40.000000        40.000000
    40.000000        40.000000
    40.000000        40.000000
    40.000000        40.000000
    40.000000        40.000000
    40.000000        40.000000
    40.000000        40.000000
    40.000000        40.000000
    40.000000        40.000000
    40.000000        40.000000
    40.000000        40.000000
    40.000000        40.000000
    0.0000000        0.0000000
    0.0000000        0.0000000
    0.0000000        0.0000000
    0.0000000        0.0000000
    0.0000000        0.0000000
    0.0000000        0.0000000
    0.0000000        0.0000000
    0.0000000        0.0000000
    0.0000000        0.0000000
    0.0000000        0.0000000
    0.0000000        0.0000000
    0.0000000        0.0000000
    0.0000000        0.0000000
    0.0000000        0.0000000
    0.0000000        0.0000000
    0.0000000        0.0000000
    0.0000000        0.0000000
    0.0000000        0.0000000
    0.0000000        0.0000000
    0.0000000        0.0000000
    0.0000000        0.0000000
    0.0000000        0.0000000
    0.0000000        0.0000000
    0.0000000        0.0000000
    0.0000000        0.0000000
    0.0000000        0.0000000
    0.0000000        0.0000000
    0.0000000        0.0000000
    0.0000000        0.0000000
    0.0000000        0.0000000
    263.58638        263.58638
    223.03463        223.03463
    182.48288        182.48288
    141.93113        141.93113
    101.37938        101.37938
    60.827625        60.827625
    0.0000000        0.0000000
    0.0000000        0.0000000
    0.0000000        0.0000000
    0.0000000        0.0000000
    60.827625        60.827625
    60.827625        60.827625
    0.0000000        0.0000000
    0.0000000        0.0000000
    0.0000000        0.0000000
    0.0000000        0.0000000
    0.0000000        0.0000000
    0.0000000        0.0000000
    0.0000000        0.0000000
    0.0000000        0.0000000
    0.0000000        0.0000000
    0.0000000        0.0000000
    0.0000000        0.0000000
    0.0000000        0.0000000
    0.0000000        0.0000000
    0.0000000        0.0000000
    0.0000000        0.0000000
    0.0000000        0.0000000
    0.0000000        0.0000000
    0.0000000        0.0000000
    0.0000000        0.0000000
    0.0000000        0.0000000
    0.0000000        0.0000000
    0.0000000        0.0000000
    0.0000000        0.0000000
    0.0000000        0.0000000
    274.06406        274.06406
    231.90036        231.90036
    189.73666        189.73666
    0.0000000        0.0000000
    0.0000000        0.0000000
    0.0000000        0.0000000
    0.0000000        0.0000000
    189.73666        189.73666
    189.73666        189.73666
    147.57296        147.57296
    105.40926        105.40926
    63.245553        63.245553
    0.0000000        0.0000000
    0.0000000        0.0000000
    0.0000000        0.0000000
    140.58449        140.58449
    130.17083        130.17083
    78.102497        78.102497
    0.0000000        0.0000000
    0.0000000        0.0000000
    203.06649        203.06649
    182.23916        182.23916
    0.0000000        0.0000000
    0.0000000        0.0000000
    0.0000000        0.0000000
    265.54849        265.54849
    234.30749        234.30749
    0.0000000        0.0000000
    0.0000000        0.0000000
    0.0000000        0.0000000
    328.03049        328.03049
    286.37582        286.37582
    0.0000000        0.0000000
    0.0000000        0.0000000
    0.0000000        0.0000000
    0.0000000        0.0000000
    338.44415        338.44415
    0.0000000        0.0000000
    0.0000000        0.0000000
    0.0000000        0.0000000
    0.0000000        0.0000000
    0.0000000        0.0000000
    0.0000000        0.0000000
    0.0000000        0.0000000
    0.0000000        0.0000000
    0.0000000        0.0000000
    0.0000000        0.0000000
    0.0000000        0.0000000
    0.0000000        0.0000000
    0.0000000        0.0000000
    0.0000000        0.0000000
    0.0000000        0.0000000
    72.111026        72.111026
    72.111026        72.111026
    0.0000000        0.0000000
    0.0000000        0.0000000
    0.0000000        0.0000000
    144.22205        144.22205
    120.18504        120.18504
    72.111026        72.111026
    0.0000000        0.0000000
    216.33308        216.33308
    216.33308        216.33308
    168.25906        168.25906
    0.0000000        0.0000000
    0.0000000        0.0000000
    288.44410        288.44410
    264.40709        264.40709
    216.33308        216.33308
    0.0000000        0.0000000
    0.0000000        0.0000000
    0.0000000        0.0000000
    312.48111        312.48111
    0.0000000        0.0000000
    0.0000000        0.0000000
    0.0000000        0.0000000
    0.0000000        0.0000000
    0.0000000        0.0000000
    0.0000000        0.0000000
    0.0000000        0.0000000
    0.0000000        0.0000000
    0.0000000        0.0000000
    0.0000000        0.0000000
    0.0000000        0.0000000
    0.0000000        0.0000000
    0.0000000        0.0000000
    0.0000000        0.0000000
    0.0000000        0.0000000
    0.0000000        0.0000000
    0.0000000        0.0000000
    0.0000000        0.0000000
    0.0000000        0.0000000
    0.0000000        0.0000000
    0.0000000        0.0000000
    67.082039        67.082039
    67.082039        67.082039
    0.0000000        0.0000000
    0.0000000        0.0000000
    156.52476        156.52476
    156.52476        156.52476
    111.80340        111.80340
    67.082039        67.082039
    245.96748        245.96748
    245.96748        245.96748
    201.24612        201.24612
    156.52476        156.52476
    0.0000000        0.0000000
    0.0000000        0.0000000
    290.68884        290.68884
    245.96748        245.96748
    0.0000000        0.0000000
    0.0000000        0.0000000
    0.0000000        0.0000000
    0.0000000        0.0000000
    0.0000000        0.0000000
    0.0000000        0.0000000
    0.0000000        0.0000000
    0.0000000        0.0000000
    0.0000000        0.0000000
    0.0000000        0.0000000
    0.0000000        0.0000000
    0.0000000        0.0000000
    0.0000000        0.0000000
    0.0000000        0.0000000
    0.0000000        0.0000000
    0.0000000        0.0000000
    0.0000000        0.0000000
    0.0000000        0.0000000
    0.0000000        0.0000000
    0.0000000        0.0000000
    0.0000000        0.0000000
    0.0000000        0.0000000
    0.0000000        0.0000000
    0.0000000        0.0000000
    0.0000000        0.0000000
    0.0000000        0.0000000
    63.245553        63.245553
    63.245553        63.245553
    0.0000000        0.0000000
    189.73666        189.73666
    189.73666        189.73666
    147.57296        147.57296
    105.40926        105.40926
    63.245553        63.245553
    274.06406        274.06406
    231.90036        231.90036
    189.73666        189.73666
    0.0000000        0.0000000
    0.0000000        0.0000000
    0.0000000        0.0000000
    0.0000000        0.0000000
    0.0000000        0.0000000
    0.0000000        0.0000000
    0.0000000        0.0000000
    0.0000000        0.0000000
    0.0000000        0.0000000
    0.0000000        0.0000000
    0.0000000        0.0000000
    0.0000000        0.0000000
    0.0000000        0.0000000
    0.0000000        0.0000000
    0.0000000        0.0000000
    0.0000000        0.0000000
    0.0000000        0.0000000
    0.0000000        0.0000000
    0.0000000        0.0000000
    0.0000000        0.0000000
    0.0000000        0.0000000
    0.0000000        0.0000000
    0.0000000        0.0000000
    0.0000000        0.0000000
    0.0000000        0.0000000
    0.0000000        0.0000000
    0.0000000        0.0000000
    0.0000000        0.0000000
    0.0000000        0.0000000
    0.0000000        0.0000000
    0.0000000        0.0000000
    60.827625        60.827625
    60.827625        60.827625
    263.58638        263.58638
    223.03463        223.03463
    182.48288        182.48288
    141.93113        141.93113
    101.37938        101.37938
    60.827625        60.827625
    0.0000000        0.0000000
    0.0000000        0.0000000
    0.0000000        0.0000000
    0.0000000        0.0000000
    0.0000000        0.0000000
    0.0000000        0.0000000
    0.0000000        0.0000000
    0.0000000        0.0000000
    0.0000000        0.0000000
    0.0000000        0.0000000
    0.0000000        0.0000000
    0.0000000        0.0000000
    0.0000000        0.0000000
    0.0000000        0.0000000
    0.0000000        0.0000000
    0.0000000        0.0000000
    0.0000000        0.0000000
    0.0000000        0.0000000
    0.0000000        0.0000000
    0.0000000        0.0000000
    0.0000000        0.0000000
    0.0000000        0.0000000
    0.0000000        0.0000000
    0.0000000        0.0000000
    0.0000000        0.0000000
    0.0000000        0.0000000
    0.0000000        0.0000000
    0.0000000        0.0000000
    0.0000000        0.0000000
    0.0000000        0.0000000
    40.000000        40.000000
    40.000000        40.000000
    40.000000        40.000000
    40.000000        40.000000
    40.000000        40.000000
    40.000000        40.000000
    40.000000        40.000000
    40.000000        40.000000
    40.000000        40.000000
    40.000000        40.000000
    40.000000        40.000000
    40.000000        40.000000
    0.0000000        0.0000000
    0.0000000        0.0000000
    0.0000000        0.0000000
    0.0000000        0.0000000
    0.0000000        0.0000000
    0.0000000        0.0000000
    0.0000000        0.0000000
    0.0000000        0.0000000
    0.0000000        0.0000000
    0.0000000        0.0000000
    0.0000000        0.0000000
    0.0000000        0.0000000
    0.0000000        0.0000000
    0.0000000        0.0000000
    0.0000000        0.0000000
    0.0000000        0.0000000
    0.0000000        0.0000000
    0.0000000        0.0000000
    0.0000000        0.0000000
    0.0000000        0.0000000
    0.0000000        0.0000000
    0.0000000        0.0000000
    0.0000000        0.0000000
    0.0000000        0.0000000
    0.0000000        0.0000000
    0.0000000        0.0000000
    0.0000000        0.0000000
    0.0000000        0.0000000
    0.0000000        0.0000000
    0.0000000        0.0000000
    263.58638        263.58638
    223.03463        223.03463
    182.48288        182.48288
    141.93113        141.93113
    101.37938        101.37938
    60.827625        60.827625
    0.0000000        0.0000000
    0.0000000        0.0000000
    0.0000000        0.0000000
    141.42136        141.42136
    56.568542        56.568542
    84.852814        84.852814
    0.0000000        0.0000000
    0.0000000        0.0000000
    197.98990        197.98990
    56.568542        56.568542
    141.42136        141.42136
    0.0000000        0.0000000
    0.0000000        0.0000000
    254.55844        254.55844
    56.568542        56.568542
    197.98990        197.98990
    0.0000000        0.0000000
    0.0000000        0.0000000
    311.12698        311.12698
    56.568542        56.568542
    254.55844        254.55844
    0.0000000        0.0000000
    0.0000000        0.0000000
    0.0000000        0.0000000
    56.568542        56.568542
    311.12698        311.12698
    0.0000000        0.0000000
    0.0000000        0.0000000
    0.0000000        0.0000000
    0.0000000        0.0000000
    367.69553        367.69553
    0.0000000        0.0000000
    0.0000000        0.0000000
    0.0000000        0.0000000
    0.0000000        0.0000000
    0.0000000        0.0000000
    0.0000000        0.0000000
    0.0000000        0.0000000
    0.0000000        0.0000000
    0.0000000        0.0000000
    78.102497        78.102497
    78.102497        78.102497
    0.0000000        0.0000000
    0.0000000        0.0000000
    0.0000000        0.0000000
    140.58449        140.58449
    130.17083        130.17083
    78.102497        78.102497
    0.0000000        0.0000000
    0.0000000        0.0000000
    203.06649        203.06649
    182.23916        182.23916
    0.0000000        0.0000000
    0.0000000        0.0000000
    0.0000000        0.0000000
    265.54849        265.54849
    234.30749        234.30749
    0.0000000        0.0000000
    0.0000000        0.0000000
    0.0000000        0.0000000
    328.03049        328.03049
    286.37582        286.37582
    0.0000000        0.0000000
    0.0000000        0.0000000
    0.0000000        0.0000000
    0.0000000        0.0000000
    338.44415        338.44415
    0.0000000        0.0000000
    0.0000000        0.0000000
    0.0000000        0.0000000
    0.0000000        0.0000000
    0.0000000        0.0000000
    0.0000000        0.0000000
    0.0000000        0.0000000
    0.0000000        0.0000000
    0.0000000        0.0000000
    0.0000000        0.0000000
    0.0000000        0.0000000
    0.0000000        0.0000000
    0.0000000        0.0000000
    0.0000000        0.0000000
    0.0000000        0.0000000
    72.111026        72.111026
    72.111026        72.111026
    0.0000000        0.0000000
    0.0000000        0.0000000
    0.0000000        0.0000000
    144.22205        144.22205
    120.18504        120.18504
    72.111026        72.111026
    0.0000000        0.0000000
    216.33308        216.33308
    216.33308        216.33308
    168.25906        168.25906
    0.0000000        0.0000000
    0.0000000        0.0000000
    288.44410        288.44410
    264.40709        264.40709
    216.33308        216.33308
    0.0000000        0.0000000
    0.0000000        0.0000000
    0.0000000        0.0000000
    312.48111        312.48111
    0.0000000        0.0000000
    0.0000000        0.0000000
    0.0000000        0.0000000
    0.0000000        0.0000000
    0.0000000        0.0000000
    0.0000000        0.0000000
    0.0000000        0.0000000
    0.0000000        0.0000000
    0.0000000        0.0000000
    0.0000000        0.0000000
    0.0000000        0.0000000
    0.0000000        0.0000000
    0.0000000        0.0000000
    0.0000000        0.0000000
    0.0000000        0.0000000
    0.0000000        0.0000000
    0.0000000        0.0000000
    0.0000000        0.0000000
    0.0000000        0.0000000
    0.0000000        0.0000000
    0.0000000        0.0000000
    67.082039        67.082039
    67.082039        67.082039
    0.0000000        0.0000000
    0.0000000        0.0000000
    156.52476        156.52476
    156.52476        156.52476
    111.80340        111.80340
    67.082039        67.082039
    245.96748        245.96748
    245.96748        245.96748
    201.24612        201.24612
    156.52476        156.52476
    0.0000000        0.0000000
    0.0000000        0.0000000
    290.68884        290.68884
    245.96748        245.96748
    0.0000000        0.0000000
    0.0000000        0.0000000
    0.0000000        0.0000000
    0.0000000        0.0000000
    0.0000000        0.0000000
    0.0000000        0.0000000
    0.0000000        0.0000000
    0.0000000        0.0000000
    0.0000000        0.0000000
    0.0000000        0.0000000
    0.0000000        0.0000000
    0.0000000        0.0000000
    0.0000000        0.0000000
    0.0000000        0.0000000
    0.0000000        0.0000000
    0.0000000        0.0000000
    0.0000000        0.0000000
    0.0000000        0.0000000
    0.0000000        0.0000000
    0.0000000        0.0000000
    0.0000000        0.0000000
    0.0000000        0.0000000
    0.0000000        0.0000000
    0.0000000        0.0000000
    0.0000000        0.0000000
    0.0000000        0.0000000
    63.245553        63.245553
    63.245553        63.245553
    0.0000000        0.0000000
    189.73666        189.73666
    189.73666        189.73666
    147.57296        147.57296
    105.40926        105.40926
    63.245553        63.245553
    274.06406        274.06406
    231.90036        231.90036
    189.73666        189.73666
    0.0000000        0.0000000
    0.0000000        0.0000000
    0.0000000        0.0000000
    0.0000000        0.0000000
    0.0000000        0.0000000
    0.0000000        0.0000000
    0.0000000        0.0000000
    0.0000000        0.0000000
    0.0000000        0.0000000
    0.0000000        0.0000000
    0.0000000        0.0000000
    0.0000000        0.0000000
    0.0000000        0.0000000
    0.0000000        0.0000000
    0.0000000        0.0000000
    0.0000000        0.0000000
    0.0000000        0.0000000
    0.0000000        0.0000000
    0.0000000        0.0000000
    0.0000000        0.0000000
    0.0000000        0.0000000
    0.0000000        0.0000000
    0.0000000        0.0000000
    0.0000000        0.0000000
    0.0000000        0.0000000
    0.0000000        0.0000000
    0.0000000        0.0000000
    0.0000000        0.0000000
    0.0000000        0.0000000
    0.0000000        0.0000000
    0.0000000        0.0000000
    60.827625        60.827625
    60.827625        60.827625
    263.58638        263.58638
    223.03463        223.03463
    182.48288        182.48288
    141.93113        141.93113
    101.37938        101.37938
    60.827625        60.827625
    0.0000000        0.0000000
    0.0000000        0.0000000
    0.0000000        0.0000000
    0.0000000        0.0000000
    0.0000000        0.0000000
    0.0000000        0.0000000
    0.0000000        0.0000000
    0.0000000        0.0000000
    0.0000000        0.0000000
    0.0000000        0.0000000
    0.0000000        0.0000000
    0.0000000        0.0000000
    0.0000000        0.0000000
    0.0000000        0.0000000
    0.0000000        0.0000000
    0.0000000        0.0000000
    0.0000000        0.0000000
    0.0000000        0.0000000
    0.0000000        0.0000000
    0.0000000        0.0000000
    0.0000000        0.0000000
    0.0000000        0.0000000
    0.0000000        0.0000000
    0.0000000        0.0000000
    0.0000000        0.0000000
    0.0000000        0.0000000
    0.0000000        0.0000000
    0.0000000        0.0000000
    0.0000000        0.0000000
    0.0000000        0.0000000
    40.000000        40.000000
    40.000000        40.000000
    40.000000        40.000000
    40.000000        40.000000
    40.000000        40.000000
    40.000000        40.000000
