    0   85   95  130  120  130  140 1010 1010 1010 1010 1010 1010 1010 1010 1010 1010 1010 1010 1010 1010 1010  160  140  135   37   80   20   20   20   60   85   95   95  105  100  115  125  140
   85    0  145  175  170  180  190 1010 1010 1010 1010 1010 1010 1010 1010 1010 1010 1010 1010 1010 1010 1010  205  190  185  110  125   95   85   70  110  135  145  145  155  150  165  175  190
   95  145    0  115  110  115  130 1010 1010 1010 1010 1010 1010 1010 1010 1010 1010 1010 1010 1010 1010 1010  220  200  195  120  140  105   95   85   44   75   85   80   95   90  105  115  130
  130  175  115    0   75   80   95 1010 1010 1010 1010 1010 1010 1010 1010 1010 1010 1010 1010 1010 1010 1010  250  235  230  155  170  140  130  115   80   55   50   44   60   55   70   80   95
  120  170  110   75    0   75   90 1010 1010 1010 1010 1010 1010 1010 1010 1010 1010 1010 1010 1010 1010 1010  245  225  225  145  165  130  120  110   75   50   32   37   50   50   65   70   85
  130  180  115   80   75    0   26 1010 1010 1010 1010 1010 1010 1010 1010 1010 1010 1010 1010 1010 1010 1010  255  235  230  155  175  140  130  120   80   55   50   50   44   37   20   20   26
  140  190  130   95   90   26    0 1010 1010 1010 1010 1010 1010 1010 1010 1010 1010 1010 1010 1010 1010 1010  265  245  245  165  185  150  140  130   95   70   65   60   55   50   32   23   20
 1010 1010 1010 1010 1010 1010 1010    0 1010 1010 1010 1010 1010 1010 1010 1010 1010 1010 1010 1010 1010 1010 1010 1010 1010 1010 1010 1010 1010 1010 1010 1010 1010 1010 1010 1010 1010 1010 1010
 1010 1010 1010 1010 1010 1010 1010 1010    0 1010 1010 1010 1010 1010 1010 1010 1010 1010 1010 1010 1010 1010 1010 1010 1010 1010 1010 1010 1010 1010 1010 1010 1010 1010 1010 1010 1010 1010 1010
 1010 1010 1010 1010 1010 1010 1010 1010 1010    0 1010 1010 1010 1010 1010 1010 1010 1010 1010 1010 1010 1010 1010 1010 1010 1010 1010 1010 1010 1010 1010 1010 1010 1010 1010 1010 1010 1010 1010
 1010 1010 1010 1010 1010 1010 1010 1010 1010 1010    0 1010 1010 1010 1010 1010 1010 1010 1010 1010 1010 1010 1010 1010 1010 1010 1010 1010 1010 1010 1010 1010 1010 1010 1010 1010 1010 1010 1010
 1010 1010 1010 1010 1010 1010 1010 1010 1010 1010 1010    0 1010 1010 1010 1010 1010 1010 1010 1010 1010 1010 1010 1010 1010 1010 1010 1010 1010 1010 1010 1010 1010 1010 1010 1010 1010 1010 1010
 1010 1010 1010 1010 1010 1010 1010 1010 1010 1010 1010 1010    0 1010 1010 1010 1010 1010 1010 1010 1010 1010 1010 1010 1010 1010 1010 1010 1010 1010 1010 1010 1010 1010 1010 1010 1010 1010 1010
 1010 1010 1010 1010 1010 1010 1010 1010 1010 1010 1010 1010 1010    0 1010 1010 1010 1010 1010 1010 1010 1010 1010 1010 1010 1010 1010 1010 1010 1010 1010 1010 1010 1010 1010 1010 1010 1010 1010
 1010 1010 1010 1010 1010 1010 1010 1010 1010 1010 1010 1010 1010 1010    0 1010 1010 1010 1010 1010 1010 1010 1010 1010 1010 1010 1010 1010 1010 1010 1010 1010 1010 1010 1010 1010 1010 1010 1010
 1010 1010 1010 1010 1010 1010 1010 1010 1010 1010 1010 1010 1010 1010 1010    0 1010 1010 1010 1010 1010 1010 1010 1010 1010 1010 1010 1010 1010 1010 1010 1010 1010 1010 1010 1010 1010 1010 1010
 1010 1010 1010 1010 1010 1010 1010 1010 1010 1010 1010 1010 1010 1010 1010 1010    0 1010 1010 1010 1010 1010 1010 1010 1010 1010 1010 1010 1010 1010 1010 1010 1010 1010 1010 1010 1010 1010 1010
 1010 1010 1010 1010 1010 1010 1010 1010 1010 1010 1010 1010 1010 1010 1010 1010 1010    0 1010 1010 1010 1010 1010 1010 1010 1010 1010 1010 1010 1010 1010 1010 1010 1010 1010 1010 1010 1010 1010
 1010 1010 1010 1010 1010 1010 1010 1010 1010 1010 1010 1010 1010 1010 1010 1010 1010 1010    0 1010 1010 1010 1010 1010 1010 1010 1010 1010 1010 1010 1010 1010 1010 1010 1010 1010 1010 1010 1010
 1010 1010 1010 1010 1010 1010 1010 1010 1010 1010 1010 1010 1010 1010 1010 1010 1010 1010 1010    0 1010 1010 1010 1010 1010 1010 1010 1010 1010 1010 1010 1010 1010 1010 1010 1010 1010 1010 1010
 1010 1010 1010 1010 1010 1010 1010 1010 1010 1010 1010 1010 1010 1010 1010 1010 1010 1010 1010 1010    0 1010 1010 1010 1010 1010 1010 1010 1010 1010 1010 1010 1010 1010 1010 1010 1010 1010 1010
 1010 1010 1010 1010 1010 1010 1010 1010 1010 1010 1010 1010 1010 1010 1010 1010 1010 1010 1010 1010 1010    0 1010 1010 1010 1010 1010 1010 1010 1010 1010 1010 1010 1010 1010 1010 1010 1010 1010
  160  205  220  250  245  255  265 1010 1010 1010 1010 1010 1010 1010 1010 1010 1010 1010 1010 1010 1010 1010    0   37   29  185   90  170  160  145  185  210  220  220  230  225  240  250  265
  140  190  200  235  225  235  245 1010 1010 1010 1010 1010 1010 1010 1010 1010 1010 1010 1010 1010 1010 1010   37    0   20  165   75  150  140  130  165  190  205  200  210  205  225  230  245
  135  185  195  230  225  230  245 1010 1010 1010 1010 1010 1010 1010 1010 1010 1010 1010 1010 1010 1010 1010   29   20    0  160   70  145  135  125  160  185  200  195  205  205  220  225  240
   37  110  120  155  145  155  165 1010 1010 1010 1010 1010 1010 1010 1010 1010 1010 1010 1010 1010 1010 1010  185  165  160    0  105   23   37   50   85  110  125  120  130  125  145  150  165
   80  125  140  170  165  175  185 1010 1010 1010 1010 1010 1010 1010 1010 1010 1010 1010 1010 1010 1010 1010   90   75   70  105    0   90   80   65  105  130  140  140  150  145  160  170  185
   20   95  105  140  130  140  150 1010 1010 1010 1010 1010 1010 1010 1010 1010 1010 1010 1010 1010 1010 1010  170  150  145   23   90    0   20   29   70   95  110  105  115  110  130  135  150
   20   85   95  130  120  130  140 1010 1010 1010 1010 1010 1010 1010 1010 1010 1010 1010 1010 1010 1010 1010  160  140  135   37   80   20    0   20   60   85  100   95  105  100  120  125  140
   20   70   85  115  110  120  130 1010 1010 1010 1010 1010 1010 1010 1010 1010 1010 1010 1010 1010 1010 1010  145  130  125   50   65   29   20    0   50   75   85   85   95   90  105  115  130
   60  110   44   80   75   80   95 1010 1010 1010 1010 1010 1010 1010 1010 1010 1010 1010 1010 1010 1010 1010  185  165  160   85  105   70   60   50    0   37   50   44   60   55   70   80   95
   85  135   75   55   50   55   70 1010 1010 1010 1010 1010 1010 1010 1010 1010 1010 1010 1010 1010 1010 1010  210  190  185  110  130   95   85   75   37    0   20   20   26   23   44   55   65
   95  145   85   50   32   50   65 1010 1010 1010 1010 1010 1010 1010 1010 1010 1010 1010 1010 1010 1010 1010  220  205  200  125  140  110  100   85   50   20    0   20   23   20   37   50   65
   95  145   80   44   37   50   60 1010 1010 1010 1010 1010 1010 1010 1010 1010 1010 1010 1010 1010 1010 1010  220  200  195  120  140  105   95   85   44   20   20    0   20   20   32   44   60
  105  155   95   60   50   44   55 1010 1010 1010 1010 1010 1010 1010 1010 1010 1010 1010 1010 1010 1010 1010  230  210  205  130  150  115  105   95   60   26   23   20    0   20   26   37   55
  100  150   90   55   50   37   50 1010 1010 1010 1010 1010 1010 1010 1010 1010 1010 1010 1010 1010 1010 1010  225  205  205  125  145  110  100   90   55   23   20   20   20    0   23   32   50
  115  165  105   70   65   20   32 1010 1010 1010 1010 1010 1010 1010 1010 1010 1010 1010 1010 1010 1010 1010  240  225  220  145  160  130  120  105   70   44   37   32   26   23    0   20   29
  125  175  115   80   70   20   23 1010 1010 1010 1010 1010 1010 1010 1010 1010 1010 1010 1010 1010 1010 1010  250  230  225  150  170  135  125  115   80   55   50   44   37   32   20    0   20
  140  190  130   95   85   26   20 1010 1010 1010 1010 1010 1010 1010 1010 1010 1010 1010 1010 1010 1010 1010  265  245  240  165  185  150  140  130   95   65   65   60   55   50   29   20    0
