0
2000
2000
2000
2000
265.2
306.2
219.1
208.7
178.6
103.6
43
23.6
3.1
23.2
91.2
139.2
169.2
191.2
212.2
254.2
304.2
209
178.8
2000
44
163.6
24.1
4.1
24.4
95.4
146.2
170.2
2000
192.2
2000
218.4
257.2
306.2
2000
0
2000
2000
2000
2000
2000
2000
2000
2000
2000
2000
2000
2000
2000
2000
2000
2000
2000
2000
2000
2000
2000
2000
2000
2000
2000
2000
2000
2000
2000
2000
2000
2000
2000
2000
2000
2000
2000
2000
2000
0
2000
2000
2000
2000
2000
2000
2000
2000
2000
2000
2000
2000
2000
2000
2000
2000
2000
2000
2000
2000
2000
2000
2000
2000
2000
2000
2000
2000
2000
2000
2000
2000
2000
2000
2000
2000
2000
2000
2000
0
2000
2000
2000
2000
2000
2000
2000
2000
2000
2000
2000
2000
2000
2000
2000
2000
2000
2000
2000
2000
2000
2000
2000
2000
2000
2000
2000
2000
2000
2000
2000
2000
2000
2000
2000
2000
2000
2000
2000
0
2000
2000
2000
2000
2000
2000
2000
2000
2000
2000
2000
2000
2000
2000
2000
2000
2000
2000
2000
2000
2000
2000
2000
2000
2000
2000
2000
2000
2000
2000
2000
2000
2000
2000
265.2
2000
2000
2000
2000
0
63
478.1
467.7
437.6
362.6
302
282.6
262.1
242
174
126
96
74
53
11
61
468
437.8
2000
303
422.6
283.1
263.1
243.2
178.2
133
97
2000
75
2000
59.2
14
63
306.2
2000
2000
2000
2000
63
0
519.1
508.7
478.6
403.6
343
323.6
303.1
283
215
167
137
115
94
52
2
509
478.8
2000
344
463.6
324.1
304.1
284.2
219.2
174
138
2000
116
2000
100.2
55
4
219.1
2000
2000
2000
2000
478.1
519.1
0
10.4
40.5
115.5
176.1
195.5
216
236.1
304.1
352.1
382.1
404.1
425.1
467.1
517.1
10.7
40.7
2000
177.1
175.5
196
217
237.3
308.3
359.1
383.1
2000
405.1
2000
431.3
470.1
519.1
208.7
2000
2000
2000
2000
467.7
508.7
10.4
0
30.1
105.1
165.7
185.1
205.6
225.7
293.7
341.7
371.7
393.7
414.7
456.7
506.7
0.3
30.3
2000
166.7
165.1
185.6
206.6
226.9
297.9
348.7
372.7
2000
394.7
2000
420.9
459.7
508.7
178.6
2000
2000
2000
2000
437.6
478.6
40.5
30.1
0
75
135.6
155
175.5
195.6
263.6
311.6
341.6
363.6
384.6
426.6
476.6
30.4
0.2
2000
136.6
135
155.5
176.5
196.8
267.8
318.6
342.6
2000
364.6
2000
390.8
429.6
478.6
103.6
2000
2000
2000
2000
362.6
403.6
115.5
105.1
75
0
60.6
80
100.5
120.6
188.6
236.6
266.6
288.6
309.6
351.6
401.6
105.4
75.2
2000
61.6
60
80.5
101.5
121.8
192.8
243.6
267.6
2000
289.6
2000
315.8
354.6
403.6
43
2000
2000
2000
2000
302
343
176.1
165.7
135.6
60.6
0
19.4
39.9
60
128
176
206
228
249
291
341
166
135.8
2000
1
120.6
19.9
40.9
61.2
132.2
183
207
2000
229
2000
255.2
294
343
23.6
2000
2000
2000
2000
282.6
323.6
195.5
185.1
155
80
19.4
0
20.5
40.6
108.6
156.6
186.6
208.6
229.6
271.6
321.6
185.4
155.2
2000
20.4
140
0.5
21.5
41.8
112.8
163.6
187.6
2000
209.6
2000
235.8
274.6
323.6
3.1
2000
2000
2000
2000
262.1
303.1
216
205.6
175.5
100.5
39.9
20.5
0
20.1
88.1
136.1
166.1
188.1
209.1
251.1
301.1
205.9
175.7
2000
40.9
160.5
21
1
21.3
92.3
143.1
167.1
2000
189.1
2000
215.3
254.1
303.1
23.2
2000
2000
2000
2000
242
283
236.1
225.7
195.6
120.6
60
40.6
20.1
0
68
116
146
168
189
231
281
226
195.8
2000
61
180.6
41.1
21.1
1.2
72.2
123
147
2000
169
2000
195.2
234
283
91.2
2000
2000
2000
2000
174
215
304.1
293.7
263.6
188.6
128
108.6
88.1
68
0
48
78
100
121
163
213
294
263.8
2000
129
248.6
109.1
89.1
69.2
4.2
55
79
2000
101
2000
127.2
166
215
139.2
2000
2000
2000
2000
126
167
352.1
341.7
311.6
236.6
176
156.6
136.1
116
48
0
30
52
73
115
165
342
311.8
2000
177
296.6
157.1
137.1
117.2
52.2
7
31
2000
53
2000
79.2
118
167
169.2
2000
2000
2000
2000
96
137
382.1
371.7
341.6
266.6
206
186.6
166.1
146
78
30
0
22
43
85
135
372
341.8
2000
207
326.6
187.1
167.1
147.2
82.2
37
1
2000
23
2000
49.2
88
137
191.2
2000
2000
2000
2000
74
115
404.1
393.7
363.6
288.6
228
208.6
188.1
168
100
52
22
0
21
63
113
394
363.8
2000
229
348.6
209.1
189.1
169.2
104.2
59
23
2000
1
2000
27.2
66
115
212.2
2000
2000
2000
2000
53
94
425.1
414.7
384.6
309.6
249
229.6
209.1
189
121
73
43
21
0
42
92
415
384.8
2000
250
369.6
230.1
210.1
190.2
125.2
80
44
2000
22
2000
6.2
45
94
254.2
2000
2000
2000
2000
11
52
467.1
456.7
426.6
351.6
291
271.6
251.1
231
163
115
85
63
42
0
50
457
426.8
2000
292
411.6
272.1
252.1
232.2
167.2
122
86
2000
64
2000
48.2
3
52
304.2
2000
2000
2000
2000
61
2
517.1
506.7
476.6
401.6
341
321.6
301.1
281
213
165
135
113
92
50
0
507
476.8
2000
342
461.6
322.1
302.1
282.2
217.2
172
136
2000
114
2000
98.2
53
2
209
2000
2000
2000
2000
468
509
10.7
0.3
30.4
105.4
166
185.4
205.9
226
294
342
372
394
415
457
507
0
30.6
2000
167
165.4
185.9
206.9
227.2
298.2
349
373
2000
395
2000
421.2
460
509
178.8
2000
2000
2000
2000
437.8
478.8
40.7
30.3
0.2
75.2
135.8
155.2
175.7
195.8
263.8
311.8
341.8
363.8
384.8
426.8
476.8
30.6
0
2000
136.8
135.2
155.7
176.7
197
268
318.8
342.8
2000
364.8
2000
391
429.8
478.8
2000
2000
2000
2000
2000
2000
2000
2000
2000
2000
2000
2000
2000
2000
2000
2000
2000
2000
2000
2000
2000
2000
2000
2000
0
2000
2000
2000
2000
2000
2000
2000
2000
2000
2000
2000
2000
2000
2000
44
2000
2000
2000
2000
303
344
177.1
166.7
136.6
61.6
1
20.4
40.9
61
129
177
207
229
250
292
342
167
136.8
2000
0
121.6
20.9
41.9
62.2
133.2
184
208
2000
230
2000
256.2
295
344
163.6
2000
2000
2000
2000
422.6
463.6
175.5
165.1
135
60
120.6
140
160.5
180.6
248.6
296.6
326.6
348.6
369.6
411.6
461.6
165.4
135.2
2000
121.6
0
140.5
161.5
181.8
252.8
303.6
327.6
2000
349.6
2000
375.8
414.6
463.6
24.1
2000
2000
2000
2000
283.1
324.1
196
185.6
155.5
80.5
19.9
0.5
21
41.1
109.1
157.1
187.1
209.1
230.1
272.1
322.1
185.9
155.7
2000
20.9
140.5
0
22
42.3
113.3
164.1
188.1
2000
210.1
2000
236.3
275.1
324.1
4.1
2000
2000
2000
2000
263.1
304.1
217
206.6
176.5
101.5
40.9
21.5
1
21.1
89.1
137.1
167.1
189.1
210.1
252.1
302.1
206.9
176.7
2000
41.9
161.5
22
0
22.3
93.3
144.1
168.1
2000
190.1
2000
216.3
255.1
304.1
24.4
2000
2000
2000
2000
243.2
284.2
237.3
226.9
196.8
121.8
61.2
41.8
21.3
1.2
69.2
117.2
147.2
169.2
190.2
232.2
282.2
227.2
197
2000
62.2
181.8
42.3
22.3
0
73.4
124.2
148.2
2000
170.2
2000
196.4
235.2
284.2
95.4
2000
2000
2000
2000
178.2
219.2
308.3
297.9
267.8
192.8
132.2
112.8
92.3
72.2
4.2
52.2
82.2
104.2
125.2
167.2
217.2
298.2
268
2000
133.2
252.8
113.3
93.3
73.4
0
59.2
83.2
2000
105.2
2000
131.4
170.2
219.2
146.2
2000
2000
2000
2000
133
174
359.1
348.7
318.6
243.6
183
163.6
143.1
123
55
7
37
59
80
122
172
349
318.8
2000
184
303.6
164.1
144.1
124.2
59.2
0
38
2000
60
2000
86.2
125
174
170.2
2000
2000
2000
2000
97
138
383.1
372.7
342.6
267.6
207
187.6
167.1
147
79
31
1
23
44
86
136
373
342.8
2000
208
327.6
188.1
168.1
148.2
83.2
38
0
2000
24
2000
50.2
89
138
2000
2000
2000
2000
2000
2000
2000
2000
2000
2000
2000
2000
2000
2000
2000
2000
2000
2000
2000
2000
2000
2000
2000
2000
2000
2000
2000
2000
2000
2000
2000
2000
2000
0
2000
2000
2000
2000
2000
192.2
2000
2000
2000
2000
75
116
405.1
394.7
364.6
289.6
229
209.6
189.1
169
101
53
23
1
22
64
114
395
364.8
2000
230
349.6
210.1
190.1
170.2
105.2
60
24
2000
0
2000
28.2
67
116
2000
2000
2000
2000
2000
2000
2000
2000
2000
2000
2000
2000
2000
2000
2000
2000
2000
2000
2000
2000
2000
2000
2000
2000
2000
2000
2000
2000
2000
2000
2000
2000
2000
2000
2000
0
2000
2000
2000
218.4
2000
2000
2000
2000
59.2
100.2
431.3
420.9
390.8
315.8
255.2
235.8
215.3
195.2
127.2
79.2
49.2
27.2
6.2
48.2
98.2
421.2
391
2000
256.2
375.8
236.3
216.3
196.4
131.4
86.2
50.2
2000
28.2
2000
0
51.2
100.2
257.2
2000
2000
2000
2000
14
55
470.1
459.7
429.6
354.6
294
274.6
254.1
234
166
118
88
66
45
3
53
460
429.8
2000
295
414.6
275.1
255.1
235.2
170.2
125
89
2000
67
2000
51.2
0
55
306.2
2000
2000
2000
2000
63
4
519.1
508.7
478.6
403.6
343
323.6
303.1
283
215
167
137
115
94
52
2
509
478.8
2000
344
463.6
324.1
304.1
284.2
219.2
174
138
2000
116
2000
100.2
55
0
